Theta [deg.]  Phi   [deg.]  Abs(Dir.)[dBi   ]   Abs(Theta)[dBi   ]  Phase(Theta)[deg.]  Abs(Phi  )[dBi   ]  Phase(Phi  )[deg.]  Ax.Ratio[dB    ]    
------------------------------------------------------------------------------------------------------------------------------------------------------
  90.000           0.000            9.393e+00           9.393e+00             217.394          -5.132e+01              59.396           4.000e+01     
  90.000           1.000            9.305e+00           9.305e+00             217.435          -5.119e+01              61.010           4.000e+01     
  90.000           2.000            9.046e+00           9.046e+00             217.415          -5.102e+01              65.479           4.000e+01     
  90.000           3.000            8.616e+00           8.616e+00             217.369          -5.083e+01              71.421           4.000e+01     
  90.000           4.000            8.017e+00           8.017e+00             217.362          -5.071e+01              77.193           4.000e+01     
  90.000           5.000            7.250e+00           7.250e+00             217.489          -5.087e+01              81.654           4.000e+01     
  90.000           6.000            6.322e+00           6.322e+00             217.876          -5.154e+01              84.528           4.000e+01     
  90.000           7.000            5.244e+00           5.244e+00             218.687          -5.300e+01              86.436           4.000e+01     
  90.000           8.000            4.040e+00           4.040e+00             220.107          -5.569e+01              89.572           4.000e+01     
  90.000           9.000            2.749e+00           2.749e+00             222.311          -6.027e+01             102.635           4.000e+01     
  90.000          10.000            1.431e+00           1.431e+00             225.389          -6.358e+01             155.684           4.000e+01     
  90.000          11.000            1.611e-01           1.611e-01             229.229          -5.842e+01             190.392           4.000e+01     
  90.000          12.000           -9.955e-01          -9.955e-01             233.429          -5.436e+01             191.387           4.000e+01     
  90.000          13.000           -2.015e+00          -2.015e+00             237.367          -5.187e+01             182.975           4.000e+01     
  90.000          14.000           -2.935e+00          -2.935e+00             240.425          -5.039e+01             170.639           4.000e+01     
  90.000          15.000           -3.838e+00          -3.838e+00             242.266          -4.965e+01             155.963           4.000e+01     
  90.000          16.000           -4.814e+00          -4.814e+00             242.904          -4.959e+01             139.385           4.000e+01     
  90.000          17.000           -5.941e+00          -5.941e+00             242.642          -5.017e+01             120.782           4.000e+01     
  90.000          18.000           -7.265e+00          -7.265e+00             241.995          -5.141e+01              99.714           4.000e+01     
  90.000          19.000           -8.794e+00          -8.794e+00             241.638          -5.335e+01              75.410           4.000e+01     
  90.000          20.000           -1.048e+01          -1.048e+01             242.371          -5.609e+01              45.976           4.000e+01     
  90.000          21.000           -1.220e+01          -1.220e+01             244.924          -5.956e+01               5.681           4.000e+01     
  90.000          22.000           -1.370e+01          -1.370e+01             249.395          -6.166e+01             307.415           4.000e+01     
  90.000          23.000           -1.478e+01          -1.478e+01             254.516          -6.011e+01             253.743           4.000e+01     
  90.000          24.000           -1.542e+01          -1.542e+01             258.133          -5.812e+01             217.997           4.000e+01     
  90.000          25.000           -1.587e+01          -1.587e+01             258.891          -5.698e+01             190.688           4.000e+01     
  90.000          26.000           -1.637e+01          -1.637e+01             256.880          -5.648e+01             166.879           4.000e+01     
  90.000          27.000           -1.707e+01          -1.707e+01             252.978          -5.637e+01             145.024           3.974e+01     
  90.000          28.000           -1.800e+01          -1.800e+01             248.173          -5.657e+01             124.274           4.000e+01     
  90.000          29.000           -1.912e+01          -1.912e+01             243.214          -5.709e+01             103.520           4.000e+01     
  90.000          30.000           -2.038e+01          -2.038e+01             238.476          -5.798e+01              81.926           4.000e+01     
  90.000          31.000           -2.172e+01          -2.172e+01             234.038          -5.934e+01              59.809           4.000e+01     
  90.000          32.000           -2.316e+01          -2.316e+01             230.113          -6.144e+01              38.525           4.000e+01     
  90.000          33.000           -2.469e+01          -2.469e+01             227.605          -6.473e+01              20.257           4.000e+01     
  90.000          34.000           -2.613e+01          -2.613e+01             227.994          -6.938e+01              11.822           4.000e+01     
  90.000          35.000           -2.693e+01          -2.693e+01             231.113          -7.217e+01              27.688           4.000e+01     
  90.000          36.000           -2.672e+01          -2.672e+01             232.438          -6.911e+01              33.965           4.000e+01     
  90.000          37.000           -2.595e+01          -2.595e+01             227.417          -6.587e+01              19.102           4.000e+01     
  90.000          38.000           -2.530e+01          -2.530e+01             216.036          -6.390e+01             357.826           4.000e+01     
  90.000          39.000           -2.510e+01          -2.510e+01             200.196          -6.283e+01             333.460           4.000e+01     
  90.000          40.000           -2.547e+01          -2.548e+01             181.475          -6.210e+01             306.928           3.841e+01     
  90.000          41.000           -2.647e+01          -2.647e+01             160.923          -6.152e+01             278.884           3.613e+01     
  90.000          42.000           -2.815e+01          -2.815e+01             139.377          -6.112e+01             248.420           3.346e+01     
  90.000          43.000           -3.071e+01          -3.072e+01             117.800          -6.078e+01             214.953           3.013e+01     
  90.000          44.000           -3.478e+01          -3.479e+01              98.238          -6.049e+01             180.706           2.578e+01     
  90.000          45.000           -4.233e+01          -4.240e+01              92.746          -6.061e+01             147.397           2.003e+01     
  90.000          46.000           -4.402e+01          -4.410e+01             171.657          -6.126e+01             114.220           1.869e+01     
  90.000          47.000           -3.632e+01          -3.633e+01             169.751          -6.190e+01              82.069           2.558e+01     
  90.000          48.000           -3.260e+01          -3.261e+01             146.262          -6.201e+01              54.256           2.940e+01     
  90.000          49.000           -3.061e+01          -3.061e+01             118.012          -6.139e+01              28.923           3.078e+01     
  90.000          50.000           -2.964e+01          -2.964e+01              87.375          -6.009e+01             359.866           3.046e+01     
  90.000          51.000           -2.946e+01          -2.946e+01              55.179          -5.847e+01             325.496           2.901e+01     
  90.000          52.000           -3.002e+01          -3.003e+01              21.734          -5.713e+01             287.217           2.713e+01     
  90.000          53.000           -3.135e+01          -3.136e+01             347.027          -5.631e+01             244.807           2.515e+01     
  90.000          54.000           -3.356e+01          -3.358e+01             310.968          -5.577e+01             199.162           2.284e+01     
  90.000          55.000           -3.704e+01          -3.710e+01             272.852          -5.556e+01             152.659           1.976e+01     
  90.000          56.000           -4.286e+01          -4.308e+01             227.519          -5.588e+01             104.773           1.444e+01     
  90.000          57.000           -5.067e+01          -5.200e+01             123.059          -5.646e+01              54.657           5.662e+00     
  90.000          58.000           -4.410e+01          -4.432e+01              22.581          -5.710e+01               4.758           2.347e+01     
  90.000          59.000           -3.965e+01          -3.971e+01             337.662          -5.804e+01             316.008           2.709e+01     
  90.000          60.000           -3.725e+01          -3.728e+01             300.682          -5.913e+01             268.121           2.728e+01     
  90.000          61.000           -3.595e+01          -3.596e+01             265.962          -6.028e+01             223.272           2.770e+01     
  90.000          62.000           -3.529e+01          -3.530e+01             231.320          -6.163e+01             180.763           2.858e+01     
  90.000          63.000           -3.500e+01          -3.500e+01             196.211          -6.263e+01             136.950           2.895e+01     
  90.000          64.000           -3.502e+01          -3.503e+01             160.810          -6.269e+01              92.741           2.831e+01     
  90.000          65.000           -3.546e+01          -3.546e+01             125.102          -6.244e+01              48.516           2.721e+01     
  90.000          66.000           -3.635e+01          -3.637e+01              89.369          -6.234e+01             359.643           2.598e+01     
  90.000          67.000           -3.784e+01          -3.786e+01              54.875          -6.205e+01             305.912           2.468e+01     
  90.000          68.000           -4.011e+01          -4.014e+01              23.909          -6.178e+01             251.011           2.437e+01     
  90.000          69.000           -4.301e+01          -4.307e+01               1.485          -6.192e+01             193.597           3.253e+01     
  90.000          70.000           -4.459e+01          -4.466e+01             353.796          -6.213e+01             132.773           2.121e+01     
  90.000          71.000           -4.273e+01          -4.277e+01             343.722          -6.236e+01              70.352           1.960e+01     
  90.000          72.000           -4.010e+01          -4.012e+01             317.443          -6.255e+01               5.788           2.498e+01     
  90.000          73.000           -3.824e+01          -3.826e+01             281.075          -6.253e+01             301.680           3.337e+01     
  90.000          74.000           -3.706e+01          -3.707e+01             239.080          -6.291e+01             238.050           4.000e+01     
  90.000          75.000           -3.634e+01          -3.635e+01             194.628          -6.328e+01             169.921           3.453e+01     
  90.000          76.000           -3.617e+01          -3.618e+01             149.203          -6.290e+01             103.161           2.959e+01     
  90.000          77.000           -3.658e+01          -3.659e+01             102.203          -6.285e+01              40.706           2.739e+01     
  90.000          78.000           -3.746e+01          -3.747e+01              53.445          -6.321e+01             337.071           2.598e+01     
  90.000          79.000           -3.888e+01          -3.889e+01               3.525          -6.361e+01             273.850           2.472e+01     
  90.000          80.000           -4.107e+01          -4.109e+01             311.184          -6.456e+01             209.719           2.365e+01     
  90.000          81.000           -4.409e+01          -4.412e+01             254.146          -6.540e+01             141.059           2.201e+01     
  90.000          82.000           -4.845e+01          -4.853e+01             188.252          -6.588e+01              73.125           1.824e+01     
  90.000          83.000           -5.274e+01          -5.294e+01              86.233          -6.632e+01               3.859           1.347e+01     
  90.000          84.000           -4.896e+01          -4.904e+01             346.913          -6.611e+01             297.843           1.958e+01     
  90.000          85.000           -4.554e+01          -4.557e+01             279.073          -6.690e+01             238.041           2.503e+01     
  90.000          86.000           -4.317e+01          -4.318e+01             218.408          -6.875e+01             169.723           2.807e+01     
  90.000          87.000           -4.164e+01          -4.165e+01             162.138          -6.924e+01              99.174           2.860e+01     
  90.000          88.000           -4.097e+01          -4.097e+01             106.179          -7.093e+01              35.707           3.047e+01     
  90.000          89.000           -4.065e+01          -4.065e+01              49.153          -7.315e+01             314.010           3.253e+01     
  90.000          90.000           -4.070e+01          -4.070e+01             352.546          -7.256e+01             240.558           3.252e+01     
  90.000          91.000           -4.124e+01          -4.124e+01             294.450          -7.521e+01             172.618           3.538e+01     
  90.000          92.000           -4.193e+01          -4.193e+01             234.359          -7.588e+01              72.450           4.000e+01     
  90.000          93.000           -4.295e+01          -4.295e+01             173.765          -7.395e+01             358.462           4.000e+01     
  90.000          94.000           -4.441e+01          -4.441e+01             108.682          -7.373e+01             279.900           4.000e+01     
  90.000          95.000           -4.548e+01          -4.549e+01              39.021          -7.204e+01             207.416           4.000e+01     
  90.000          96.000           -4.641e+01          -4.642e+01             327.715          -7.257e+01             134.590           3.905e+01     
  90.000          97.000           -4.665e+01          -4.667e+01             251.132          -7.012e+01              48.547           3.180e+01     
  90.000          98.000           -4.571e+01          -4.574e+01             178.595          -6.741e+01             350.254           3.850e+01     
  90.000          99.000           -4.492e+01          -4.494e+01             110.376          -6.798e+01             289.888           4.000e+01     
  90.000         100.000           -4.394e+01          -4.396e+01              43.250          -6.761e+01             212.946           3.863e+01     
  90.000         101.000           -4.299e+01          -4.301e+01             340.433          -6.622e+01             147.472           3.623e+01     
  90.000         102.000           -4.250e+01          -4.252e+01             279.065          -6.624e+01              78.723           3.293e+01     
  90.000         103.000           -4.219e+01          -4.222e+01             217.930          -6.467e+01               6.193           2.807e+01     
  90.000         104.000           -4.222e+01          -4.225e+01             157.529          -6.331e+01             305.494           2.661e+01     
  90.000         105.000           -4.256e+01          -4.260e+01              95.160          -6.323e+01             242.673           2.608e+01     
  90.000         106.000           -4.277e+01          -4.281e+01              31.434          -6.278e+01             175.514           2.466e+01     
  90.000         107.000           -4.305e+01          -4.311e+01             328.043          -6.212e+01             110.790           2.344e+01     
  90.000         108.000           -4.342e+01          -4.349e+01             262.885          -6.155e+01              47.505           2.290e+01     
  90.000         109.000           -4.353e+01          -4.360e+01             196.949          -6.137e+01             346.586           2.380e+01     
  90.000         110.000           -4.360e+01          -4.366e+01             132.212          -6.185e+01             282.700           2.444e+01     
  90.000         111.000           -4.378e+01          -4.385e+01              67.348          -6.182e+01             214.969           2.349e+01     
  90.000         112.000           -4.397e+01          -4.405e+01               1.998          -6.160e+01             151.141           2.346e+01     
  90.000         113.000           -4.427e+01          -4.434e+01             296.251          -6.186e+01              86.907           2.383e+01     
  90.000         114.000           -4.457e+01          -4.465e+01             228.321          -6.212e+01              21.982           2.465e+01     
  90.000         115.000           -4.449e+01          -4.456e+01             159.430          -6.287e+01             314.908           2.605e+01     
  90.000         116.000           -4.430e+01          -4.437e+01              91.990          -6.266e+01             241.871           2.438e+01     
  90.000         117.000           -4.407e+01          -4.415e+01              22.948          -6.169e+01             179.174           2.556e+01     
  90.000         118.000           -4.323e+01          -4.328e+01             314.538          -6.245e+01             119.502           3.099e+01     
  90.000         119.000           -4.233e+01          -4.237e+01             251.060          -6.336e+01              48.790           2.948e+01     
  90.000         120.000           -4.187e+01          -4.190e+01             188.756          -6.305e+01             341.684           2.803e+01     
  90.000         121.000           -4.149e+01          -4.152e+01             125.782          -6.382e+01             278.061           2.899e+01     
  90.000         122.000           -4.110e+01          -4.112e+01              63.390          -6.490e+01             206.786           2.830e+01     
  90.000         123.000           -4.072e+01          -4.074e+01               1.197          -6.547e+01             131.424           2.709e+01     
  90.000         124.000           -4.018e+01          -4.019e+01             299.753          -6.471e+01              51.731           2.518e+01     
  90.000         125.000           -3.952e+01          -3.954e+01             240.867          -6.268e+01             343.120           2.334e+01     
  90.000         126.000           -3.907e+01          -3.910e+01             185.081          -6.165e+01             281.464           2.260e+01     
  90.000         127.000           -3.904e+01          -3.907e+01             130.167          -6.089e+01             218.640           2.182e+01     
  90.000         128.000           -3.904e+01          -3.908e+01              74.182          -6.015e+01             159.984           2.110e+01     
  90.000         129.000           -3.875e+01          -3.878e+01              19.926          -6.032e+01             103.642           2.159e+01     
  90.000         130.000           -3.854e+01          -3.856e+01             328.714          -6.114e+01              44.481           2.286e+01     
  90.000         131.000           -3.834e+01          -3.836e+01             278.448          -6.230e+01             342.963           2.484e+01     
  90.000         132.000           -3.789e+01          -3.790e+01             230.977          -6.388e+01             275.953           2.901e+01     
  90.000         133.000           -3.767e+01          -3.768e+01             187.561          -6.461e+01             201.334           3.941e+01     
  90.000         134.000           -3.798e+01          -3.799e+01             143.439          -6.406e+01             128.999           3.815e+01     
  90.000         135.000           -3.804e+01          -3.805e+01              95.262          -6.307e+01              60.875           3.000e+01     
  90.000         136.000           -3.729e+01          -3.730e+01              48.678          -6.175e+01             357.728           2.665e+01     
  90.000         137.000           -3.659e+01          -3.661e+01               7.339          -6.062e+01             300.562           2.475e+01     
  90.000         138.000           -3.653e+01          -3.655e+01             327.535          -6.004e+01             247.074           2.361e+01     
  90.000         139.000           -3.682e+01          -3.684e+01             286.019          -6.001e+01             195.490           2.317e+01     
  90.000         140.000           -3.697e+01          -3.699e+01             244.109          -6.056e+01             145.174           2.367e+01     
  90.000         141.000           -3.706e+01          -3.707e+01             205.490          -6.181e+01              94.686           2.533e+01     
  90.000         142.000           -3.751e+01          -3.752e+01             171.014          -6.363e+01              41.424           2.839e+01     
  90.000         143.000           -3.849e+01          -3.850e+01             138.407          -6.553e+01             345.826           3.378e+01     
  90.000         144.000           -3.963e+01          -3.964e+01             104.876          -6.774e+01             291.603           4.000e+01     
  90.000         145.000           -4.023e+01          -4.023e+01              70.421          -7.116e+01             238.583           4.000e+01     
  90.000         146.000           -4.020e+01          -4.020e+01              37.642          -7.840e+01             190.681           4.000e+01     
  90.000         147.000           -4.014e+01          -4.014e+01               5.664          -7.879e+01             309.921           4.000e+01     
  90.000         148.000           -4.031e+01          -4.032e+01             330.093          -6.703e+01             278.117           2.879e+01     
  90.000         149.000           -4.014e+01          -4.017e+01             289.534          -6.171e+01             243.801           2.447e+01     
  90.000         150.000           -3.936e+01          -3.942e+01             250.193          -5.839e+01             209.121           2.268e+01     
  90.000         151.000           -3.889e+01          -3.897e+01             216.943          -5.593e+01             175.412           2.062e+01     
  90.000         152.000           -3.966e+01          -3.982e+01             188.324          -5.410e+01             144.377           1.762e+01     
  90.000         153.000           -4.236e+01          -4.275e+01             160.900          -5.296e+01             115.874           1.364e+01     
  90.000         154.000           -4.759e+01          -4.930e+01             127.056          -5.248e+01              88.855           9.924e+00     
  90.000         155.000           -5.152e+01          -5.853e+01              23.453          -5.248e+01              63.143           1.124e+01     
  90.000         156.000           -5.036e+01          -5.397e+01             316.245          -5.285e+01              39.965           1.468e+00     
  90.000         157.000           -5.263e+01          -5.960e+01             339.956          -5.361e+01              21.245           1.087e+01     
  90.000         158.000           -4.640e+01          -4.710e+01              44.359          -5.465e+01               9.140           1.335e+01     
  90.000         159.000           -3.883e+01          -3.893e+01              28.435          -5.541e+01               5.365           2.479e+01     
  90.000         160.000           -3.400e+01          -3.404e+01               6.159          -5.490e+01               6.672           4.000e+01     
  90.000         161.000           -3.073e+01          -3.075e+01             342.307          -5.317e+01               4.828           3.080e+01     
  90.000         162.000           -2.847e+01          -2.849e+01             317.608          -5.127e+01             357.173           2.673e+01     
  90.000         163.000           -2.690e+01          -2.692e+01             292.066          -4.983e+01             345.573           2.482e+01     
  90.000         164.000           -2.581e+01          -2.583e+01             265.682          -4.904e+01             331.657           2.401e+01     
  90.000         165.000           -2.501e+01          -2.503e+01             238.797          -4.890e+01             316.244           2.408e+01     
  90.000         166.000           -2.444e+01          -2.445e+01             211.948          -4.938e+01             299.864           2.493e+01     
  90.000         167.000           -2.409e+01          -2.410e+01             185.282          -5.048e+01             283.031           2.646e+01     
  90.000         168.000           -2.398e+01          -2.399e+01             158.208          -5.239e+01             266.092           2.883e+01     
  90.000         169.000           -2.397e+01          -2.397e+01             129.753          -5.551e+01             248.595           3.269e+01     
  90.000         170.000           -2.374e+01          -2.374e+01              99.727          -6.105e+01             226.533           3.924e+01     
  90.000         171.000           -2.299e+01          -2.299e+01              70.000          -7.116e+01             150.626           4.000e+01     
  90.000         172.000           -2.175e+01          -2.176e+01              43.446          -6.287e+01              62.976           4.000e+01     
  90.000         173.000           -2.034e+01          -2.034e+01              21.439          -5.812e+01              42.591           4.000e+01     
  90.000         174.000           -1.899e+01          -1.900e+01               3.696          -5.588e+01              29.787           4.000e+01     
  90.000         175.000           -1.784e+01          -1.784e+01             349.462          -5.480e+01              19.920           4.000e+01     
  90.000         176.000           -1.689e+01          -1.690e+01             338.130          -5.433e+01              12.539           4.000e+01     
  90.000         177.000           -1.617e+01          -1.617e+01             329.316          -5.418e+01               7.951           4.000e+01     
  90.000         178.000           -1.566e+01          -1.566e+01             322.800          -5.414e+01               6.381           4.000e+01     
  90.000         179.000           -1.535e+01          -1.535e+01             318.454          -5.407e+01               7.493           4.000e+01     
  90.000         180.000           -1.525e+01          -1.525e+01             316.212          -5.388e+01              10.300           4.000e+01     
  90.000         181.000           -1.536e+01          -1.536e+01             316.044          -5.360e+01              13.587           3.971e+01     
  90.000         182.000           -1.568e+01          -1.568e+01             317.953          -5.328e+01              16.515           3.898e+01     
  90.000         183.000           -1.621e+01          -1.621e+01             321.959          -5.300e+01              18.912           3.832e+01     
  90.000         184.000           -1.697e+01          -1.697e+01             328.101          -5.283e+01              21.219           3.780e+01     
  90.000         185.000           -1.797e+01          -1.797e+01             336.437          -5.284e+01              24.312           3.746e+01     
  90.000         186.000           -1.923e+01          -1.923e+01             347.076          -5.314e+01              29.348           3.736e+01     
  90.000         187.000           -2.080e+01          -2.080e+01               0.259          -5.394e+01              37.847           3.744e+01     
  90.000         188.000           -2.272e+01          -2.272e+01              16.522          -5.547e+01              52.472           3.737e+01     
  90.000         189.000           -2.502e+01          -2.503e+01              36.915          -5.769e+01              79.372           3.609e+01     
  90.000         190.000           -2.762e+01          -2.762e+01              63.106          -5.871e+01             125.710           3.212e+01     
  90.000         191.000           -3.017e+01          -3.018e+01              96.598          -5.624e+01             170.911           2.639e+01     
  90.000         192.000           -3.215e+01          -3.218e+01             136.585          -5.328e+01             200.707           2.202e+01     
  90.000         193.000           -3.338e+01          -3.345e+01             180.534          -5.131e+01             223.763           2.122e+01     
  90.000         194.000           -3.375e+01          -3.385e+01             227.439          -5.032e+01             245.405           2.687e+01     
  90.000         195.000           -3.294e+01          -3.302e+01             273.400          -5.015e+01             267.689           3.734e+01     
  90.000         196.000           -3.148e+01          -3.153e+01             312.495          -5.069e+01             291.240           2.805e+01     
  90.000         197.000           -3.033e+01          -3.036e+01             345.195          -5.193e+01             316.043           2.786e+01     
  90.000         198.000           -2.986e+01          -2.987e+01              15.095          -5.408e+01             342.237           2.954e+01     
  90.000         199.000           -3.005e+01          -3.006e+01              45.096          -5.764e+01              11.490           3.273e+01     
  90.000         200.000           -3.070e+01          -3.070e+01              76.784          -6.361e+01              52.561           4.000e+01     
  90.000         201.000           -3.153e+01          -3.153e+01             110.318          -6.865e+01             144.457           4.000e+01     
  90.000         202.000           -3.234e+01          -3.234e+01             144.414          -6.402e+01             212.634           3.233e+01     
  90.000         203.000           -3.311e+01          -3.312e+01             176.745          -6.165e+01             246.347           2.910e+01     
  90.000         204.000           -3.408e+01          -3.409e+01             204.983          -6.116e+01             270.716           2.788e+01     
  90.000         205.000           -3.560e+01          -3.561e+01             227.676          -6.131e+01             287.138           2.700e+01     
  90.000         206.000           -3.797e+01          -3.799e+01             244.053          -6.059e+01             296.202           2.467e+01     
  90.000         207.000           -4.127e+01          -4.136e+01             253.431          -5.835e+01             306.840           1.896e+01     
  90.000         208.000           -4.524e+01          -4.565e+01             255.711          -5.565e+01             325.437           1.066e+01     
  90.000         209.000           -4.919e+01          -5.130e+01             251.339          -5.334e+01             350.621           2.496e+00     
  90.000         210.000           -5.095e+01          -5.956e+01             215.687          -5.160e+01              19.911           2.049e+01     
  90.000         211.000           -4.916e+01          -5.535e+01             160.402          -5.036e+01              51.458           5.865e+00     
  90.000         212.000           -4.700e+01          -5.045e+01             178.996          -4.961e+01              84.233           1.111e+00     
  90.000         213.000           -4.489e+01          -4.683e+01             214.214          -4.934e+01             118.022           2.683e+00     
  90.000         214.000           -4.271e+01          -4.375e+01             247.202          -4.945e+01             152.728           5.751e+00     
  90.000         215.000           -4.142e+01          -4.208e+01             274.746          -4.991e+01             187.906           7.855e+00     
  90.000         216.000           -4.167e+01          -4.224e+01             300.170          -5.077e+01             223.487           8.842e+00     
  90.000         217.000           -4.346e+01          -4.411e+01             328.002          -5.202e+01             260.251           8.807e+00     
  90.000         218.000           -4.566e+01          -4.643e+01               2.918          -5.351e+01             298.618           8.348e+00     
  90.000         219.000           -4.594e+01          -4.649e+01              38.035          -5.520e+01             337.770           1.025e+01     
  90.000         220.000           -4.408e+01          -4.430e+01              62.429          -5.731e+01              17.508           1.626e+01     
  90.000         221.000           -4.176e+01          -4.182e+01              85.865          -6.010e+01              59.020           2.529e+01     
  90.000         222.000           -4.000e+01          -4.001e+01             117.078          -6.402e+01             102.795           3.620e+01     
  90.000         223.000           -3.864e+01          -3.864e+01             157.385          -7.145e+01             154.290           4.000e+01     
  90.000         224.000           -3.723e+01          -3.723e+01             202.443          -7.702e+01             317.417           4.000e+01     
  90.000         225.000           -3.602e+01          -3.602e+01             247.900          -6.733e+01              29.823           3.551e+01     
  90.000         226.000           -3.536e+01          -3.537e+01             294.605          -6.289e+01              82.461           3.302e+01     
  90.000         227.000           -3.499e+01          -3.500e+01             344.300          -6.002e+01             130.766           3.019e+01     
  90.000         228.000           -3.456e+01          -3.458e+01              35.069          -5.837e+01             177.879           2.819e+01     
  90.000         229.000           -3.434e+01          -3.436e+01              85.070          -5.745e+01             226.840           2.729e+01     
  90.000         230.000           -3.447e+01          -3.449e+01             136.131          -5.685e+01             276.444           2.629e+01     
  90.000         231.000           -3.460e+01          -3.463e+01             189.027          -5.670e+01             326.023           2.542e+01     
  90.000         232.000           -3.465e+01          -3.468e+01             241.326          -5.691e+01              16.693           2.532e+01     
  90.000         233.000           -3.495e+01          -3.497e+01             292.961          -5.736e+01              67.314           2.533e+01     
  90.000         234.000           -3.542e+01          -3.544e+01             345.923          -5.831e+01             118.126           2.550e+01     
  90.000         235.000           -3.579e+01          -3.581e+01              39.365          -5.949e+01             171.062           2.623e+01     
  90.000         236.000           -3.626e+01          -3.627e+01              91.992          -6.056e+01             223.021           2.675e+01     
  90.000         237.000           -3.697e+01          -3.698e+01             145.255          -6.198e+01             271.802           2.691e+01     
  90.000         238.000           -3.773e+01          -3.775e+01             199.909          -6.377e+01             319.036           2.721e+01     
  90.000         239.000           -3.850e+01          -3.851e+01             254.945          -6.570e+01               3.147           2.764e+01     
  90.000         240.000           -3.941e+01          -3.941e+01             310.123          -6.767e+01              47.267           2.832e+01     
  90.000         241.000           -4.054e+01          -4.055e+01               5.914          -6.768e+01              95.876           2.713e+01     
  90.000         242.000           -4.190e+01          -4.192e+01              63.277          -6.561e+01             135.333           2.413e+01     
  90.000         243.000           -4.331e+01          -4.334e+01             121.791          -6.460e+01             168.785           2.401e+01     
  90.000         244.000           -4.512e+01          -4.516e+01             179.237          -6.572e+01             211.028           2.618e+01     
  90.000         245.000           -4.801e+01          -4.806e+01             239.784          -6.718e+01             274.266           2.413e+01     
  90.000         246.000           -5.113e+01          -5.126e+01             310.118          -6.638e+01             343.682           2.045e+01     
  90.000         247.000           -5.426e+01          -5.463e+01              24.573          -6.511e+01              47.042           1.948e+01     
  90.000         248.000           -5.693e+01          -5.786e+01             128.427          -6.407e+01             107.128           1.668e+01     
  90.000         249.000           -5.360e+01          -5.404e+01             218.417          -6.375e+01             165.806           1.207e+01     
  90.000         250.000           -5.220e+01          -5.251e+01             284.394          -6.384e+01             228.587           1.319e+01     
  90.000         251.000           -5.119e+01          -5.145e+01             353.219          -6.359e+01             291.598           1.338e+01     
  90.000         252.000           -5.036e+01          -5.056e+01              51.686          -6.383e+01             352.603           1.472e+01     
  90.000         253.000           -5.168e+01          -5.191e+01             107.554          -6.456e+01              57.657           1.518e+01     
  90.000         254.000           -5.389e+01          -5.424e+01             171.516          -6.506e+01             126.112           1.413e+01     
  90.000         255.000           -5.733e+01          -5.811e+01             227.496          -6.518e+01             196.974           1.419e+01     
  90.000         256.000           -6.431e+01          -7.882e+01             112.506          -6.447e+01             265.580           2.149e+01     
  90.000         257.000           -5.560e+01          -5.626e+01             147.434          -6.410e+01             327.960           4.000e+01     
  90.000         258.000           -5.079e+01          -5.098e+01             207.737          -6.446e+01              31.817           3.681e+01     
  90.000         259.000           -4.688e+01          -4.695e+01             265.652          -6.479e+01              97.122           3.200e+01     
  90.000         260.000           -4.450e+01          -4.454e+01             318.765          -6.560e+01             164.378           2.840e+01     
  90.000         261.000           -4.320e+01          -4.322e+01              14.848          -6.545e+01             238.485           2.548e+01     
  90.000         262.000           -4.198e+01          -4.200e+01              71.659          -6.424e+01             301.587           2.458e+01     
  90.000         263.000           -4.131e+01          -4.133e+01             126.089          -6.484e+01             358.509           2.555e+01     
  90.000         264.000           -4.129e+01          -4.130e+01             181.831          -6.632e+01              67.134           2.585e+01     
  90.000         265.000           -4.147e+01          -4.149e+01             238.148          -6.619e+01             137.182           2.487e+01     
  90.000         266.000           -4.230e+01          -4.231e+01             293.328          -6.668e+01             201.539           2.437e+01     
  90.000         267.000           -4.398e+01          -4.400e+01             351.864          -6.708e+01             272.386           2.323e+01     
  90.000         268.000           -4.608e+01          -4.611e+01              54.207          -6.675e+01             336.610           2.084e+01     
  90.000         269.000           -4.961e+01          -4.968e+01             122.978          -6.796e+01              39.988           1.834e+01     
  90.000         270.000           -5.222e+01          -5.232e+01             224.765          -6.843e+01             114.395           1.669e+01     
  90.000         271.000           -4.880e+01          -4.885e+01             315.466          -6.798e+01             177.491           2.267e+01     
  90.000         272.000           -4.560e+01          -4.562e+01              26.189          -6.976e+01             240.822           2.908e+01     
  90.000         273.000           -4.273e+01          -4.274e+01              86.823          -7.058e+01             320.060           2.977e+01     
  90.000         274.000           -4.095e+01          -4.096e+01             140.399          -7.032e+01              27.989           3.005e+01     
  90.000         275.000           -4.007e+01          -4.007e+01             193.054          -7.158e+01             104.649           3.152e+01     
  90.000         276.000           -3.957e+01          -3.958e+01             243.990          -6.939e+01             184.741           3.113e+01     
  90.000         277.000           -3.978e+01          -3.979e+01             291.543          -6.760e+01             243.727           3.042e+01     
  90.000         278.000           -4.087e+01          -4.088e+01             337.831          -6.751e+01             303.551           3.163e+01     
  90.000         279.000           -4.251e+01          -4.252e+01              21.300          -6.733e+01               6.633           3.676e+01     
  90.000         280.000           -4.485e+01          -4.488e+01              54.572          -6.726e+01              67.873           3.520e+01     
  90.000         281.000           -4.736e+01          -4.740e+01              69.551          -6.729e+01             130.778           2.105e+01     
  90.000         282.000           -4.642e+01          -4.645e+01              76.812          -6.692e+01             192.209           2.136e+01     
  90.000         283.000           -4.306e+01          -4.308e+01             101.207          -6.653e+01             250.250           2.926e+01     
  90.000         284.000           -4.023e+01          -4.024e+01             134.906          -6.637e+01             303.991           4.000e+01     
  90.000         285.000           -3.852e+01          -3.853e+01             172.290          -6.731e+01             355.137           4.000e+01     
  90.000         286.000           -3.752e+01          -3.752e+01             212.206          -6.930e+01              56.027           3.966e+01     
  90.000         287.000           -3.680e+01          -3.680e+01             251.422          -6.944e+01             126.774           3.433e+01     
  90.000         288.000           -3.646e+01          -3.646e+01             287.488          -6.849e+01             188.899           3.213e+01     
  90.000         289.000           -3.647e+01          -3.648e+01             321.201          -6.766e+01             250.439           3.169e+01     
  90.000         290.000           -3.641e+01          -3.641e+01             353.466          -6.621e+01             308.788           3.286e+01     
  90.000         291.000           -3.598e+01          -3.598e+01              24.178          -6.535e+01               2.702           3.810e+01     
  90.000         292.000           -3.536e+01          -3.537e+01              54.666          -6.494e+01              60.451           4.000e+01     
  90.000         293.000           -3.481e+01          -3.482e+01              87.242          -6.401e+01             118.689           3.485e+01     
  90.000         294.000           -3.445e+01          -3.445e+01             122.436          -6.334e+01             173.253           3.111e+01     
  90.000         295.000           -3.445e+01          -3.445e+01             159.169          -6.321e+01             228.657           2.932e+01     
  90.000         296.000           -3.513e+01          -3.513e+01             197.067          -6.317e+01             284.122           2.805e+01     
  90.000         297.000           -3.674e+01          -3.675e+01             236.658          -6.371e+01             337.947           2.713e+01     
  90.000         298.000           -3.978e+01          -3.979e+01             278.433          -6.504e+01              34.084           2.615e+01     
  90.000         299.000           -4.635e+01          -4.639e+01             327.904          -6.677e+01              94.001           2.226e+01     
  90.000         300.000           -5.137e+01          -5.145e+01             126.939          -6.876e+01             159.293           2.286e+01     
  90.000         301.000           -4.078e+01          -4.079e+01             192.300          -6.959e+01             228.320           3.342e+01     
  90.000         302.000           -3.617e+01          -3.617e+01             233.711          -7.010e+01             283.466           3.627e+01     
  90.000         303.000           -3.357e+01          -3.357e+01             271.571          -7.319e+01             329.014           4.000e+01     
  90.000         304.000           -3.214e+01          -3.214e+01             307.538          -7.844e+01              13.543           4.000e+01     
  90.000         305.000           -3.160e+01          -3.160e+01             341.965          -7.937e+01              20.694           4.000e+01     
  90.000         306.000           -3.185e+01          -3.185e+01              14.437          -7.278e+01              28.929           4.000e+01     
  90.000         307.000           -3.299e+01          -3.300e+01              43.848          -6.844e+01              64.101           4.000e+01     
  90.000         308.000           -3.528e+01          -3.528e+01              67.608          -6.566e+01             112.780           3.337e+01     
  90.000         309.000           -3.868e+01          -3.870e+01              76.687          -6.294e+01             162.842           2.426e+01     
  90.000         310.000           -3.958e+01          -3.962e+01              58.545          -6.087e+01             207.800           2.713e+01     
  90.000         311.000           -3.556e+01          -3.558e+01              54.433          -5.976e+01             250.177           3.555e+01     
  90.000         312.000           -3.203e+01          -3.204e+01              70.693          -5.932e+01             291.127           3.105e+01     
  90.000         313.000           -2.978e+01          -2.979e+01              93.469          -5.928e+01             329.497           3.112e+01     
  90.000         314.000           -2.854e+01          -2.854e+01             117.941          -5.938e+01               3.784           3.164e+01     
  90.000         315.000           -2.813e+01          -2.814e+01             141.729          -5.932e+01              33.140           3.165e+01     
  90.000         316.000           -2.853e+01          -2.853e+01             162.719          -5.880e+01              59.828           3.049e+01     
  90.000         317.000           -2.963e+01          -2.964e+01             178.004          -5.772e+01              88.580           2.808e+01     
  90.000         318.000           -3.086e+01          -3.087e+01             183.353          -5.622e+01             121.232           2.643e+01     
  90.000         319.000           -3.067e+01          -3.069e+01             179.865          -5.471e+01             156.471           3.207e+01     
  90.000         320.000           -2.874e+01          -2.875e+01             180.586          -5.349e+01             193.980           3.747e+01     
  90.000         321.000           -2.664e+01          -2.666e+01             190.043          -5.246e+01             233.820           2.901e+01     
  90.000         322.000           -2.519e+01          -2.520e+01             204.086          -5.145e+01             274.084           2.679e+01     
  90.000         323.000           -2.450e+01          -2.451e+01             219.049          -5.062e+01             313.306           2.613e+01     
  90.000         324.000           -2.450e+01          -2.451e+01             232.176          -5.005e+01             352.178           2.680e+01     
  90.000         325.000           -2.503e+01          -2.504e+01             240.718          -4.956e+01              30.616           3.054e+01     
  90.000         326.000           -2.562e+01          -2.564e+01             242.091          -4.914e+01              66.815           4.000e+01     
  90.000         327.000           -2.540e+01          -2.542e+01             237.168          -4.909e+01             100.152           2.701e+01     
  90.000         328.000           -2.400e+01          -2.401e+01             232.817          -4.957e+01             131.698           2.573e+01     
  90.000         329.000           -2.212e+01          -2.213e+01             233.455          -5.061e+01             162.201           2.896e+01     
  90.000         330.000           -2.041e+01          -2.041e+01             237.789          -5.226e+01             191.221           3.463e+01     
  90.000         331.000           -1.905e+01          -1.905e+01             243.467          -5.488e+01             218.126           4.000e+01     
  90.000         332.000           -1.802e+01          -1.803e+01             248.844          -5.924e+01             242.994           4.000e+01     
  90.000         333.000           -1.724e+01          -1.724e+01             252.924          -6.788e+01             265.876           4.000e+01     
  90.000         334.000           -1.656e+01          -1.656e+01             255.179          -7.647e+01             114.478           4.000e+01     
  90.000         335.000           -1.587e+01          -1.587e+01             255.509          -6.608e+01             133.606           4.000e+01     
  90.000         336.000           -1.503e+01          -1.503e+01             254.273          -6.444e+01             153.722           4.000e+01     
  90.000         337.000           -1.401e+01          -1.401e+01             252.191          -6.695e+01             171.470           4.000e+01     
  90.000         338.000           -1.279e+01          -1.279e+01             250.021          -8.244e+01             165.261           4.000e+01     
  90.000         339.000           -1.145e+01          -1.145e+01             248.288          -6.625e+01              34.940           4.000e+01     
  90.000         340.000           -1.008e+01          -1.008e+01             247.163          -5.895e+01              48.523           4.000e+01     
  90.000         341.000           -8.745e+00          -8.745e+00             246.527          -5.497e+01              63.125           4.000e+01     
  90.000         342.000           -7.496e+00          -7.496e+00             246.103          -5.245e+01              77.305           4.000e+01     
  90.000         343.000           -6.356e+00          -6.357e+00             245.536          -5.086e+01              90.740           4.000e+01     
  90.000         344.000           -5.321e+00          -5.321e+00             244.456          -5.000e+01             103.313           4.000e+01     
  90.000         345.000           -4.357e+00          -4.357e+00             242.552          -4.983e+01             114.956           4.000e+01     
  90.000         346.000           -3.405e+00          -3.405e+00             239.658          -5.035e+01             125.433           4.000e+01     
  90.000         347.000           -2.395e+00          -2.395e+00             235.863          -5.163e+01             133.972           4.000e+01     
  90.000         348.000           -1.270e+00          -1.270e+00             231.544          -5.379e+01             138.433           4.000e+01     
  90.000         349.000           -1.789e-02          -1.790e-02             227.269          -5.680e+01             133.000           4.000e+01     
  90.000         350.000            1.325e+00           1.325e+00             223.550          -5.898e+01             107.919           4.000e+01     
  90.000         351.000            2.692e+00           2.692e+00             220.678          -5.716e+01              80.661           4.000e+01     
  90.000         352.000            4.013e+00           4.013e+00             218.696          -5.426e+01              71.327           4.000e+01     
  90.000         353.000            5.236e+00           5.236e+00             217.487          -5.222e+01              70.545           4.000e+01     
  90.000         354.000            6.325e+00           6.325e+00             216.872          -5.106e+01              71.939           4.000e+01     
  90.000         355.000            7.260e+00           7.260e+00             216.668          -5.059e+01              72.879           4.000e+01     
  90.000         356.000            8.029e+00           8.029e+00             216.715          -5.062e+01              72.115           4.000e+01     
  90.000         357.000            8.628e+00           8.628e+00             216.889          -5.091e+01              69.253           4.000e+01     
  90.000         358.000            9.055e+00           9.055e+00             217.097          -5.121e+01              64.966           4.000e+01     
  90.000         359.000            9.310e+00           9.310e+00             217.277          -5.135e+01              61.029           4.000e+01     
